Date,Time,Open,High,Low,Close,Volume,OpenInt
2017-11-07,09:00:00,1.6289,1.6289,1.6249,1.625,0,0
2017-11-07,10:00:00,1.6289,1.629,1.6249,1.629,0,0
2017-11-07,11:00:00,1.6329,1.6329,1.6289,1.629,0,0
2017-11-07,12:00:00,1.6249,1.625,1.6249,1.625,0,0
2017-11-07,13:00:00,1.6208,1.625,1.6208,1.625,0,0
2017-11-07,14:00:00,1.6289,1.629,1.6249,1.625,0,0
2017-11-07,15:00:00,1.6208,1.625,1.6208,1.625,0,0
2017-11-07,16:00:00,1.6208,1.625,1.6208,1.625,0,0
2017-11-07,17:00:00,1.6289,1.629,1.6249,1.625,0,0
2017-11-07,18:00:00,1.6289,1.629,1.6249,1.625,0,0
2017-11-07,19:00:00,1.6208,1.629,1.6208,1.629,0,0
2017-11-07,20:00:00,1.6329,1.633,1.6289,1.629,0,0
2017-11-07,22:00:00,1.6329,1.6329,1.629,1.629,0,0
2017-11-08,10:00:00,1.6371,1.6371,1.6291,1.637,0,0
2017-11-08,11:00:00,1.6331,1.6371,1.633,1.633,0,0
2017-11-08,12:00:00,1.6371,1.6371,1.633,1.633,0,0
2017-11-08,13:00:00,1.6371,1.6371,1.6331,1.637,0,0
2017-11-08,14:00:00,1.6331,1.6371,1.6331,1.637,0,0
2017-11-08,15:00:00,1.6331,1.6371,1.633,1.637,0,0
2017-11-08,16:00:00,1.6331,1.6371,1.633,1.633,0,0
2017-11-08,17:00:00,1.6371,1.6371,1.633,1.637,0,0
2017-11-08,18:00:00,1.6331,1.6371,1.633,1.637,0,0
2017-11-08,19:00:00,1.6331,1.6412,1.6331,1.641,0,0
2017-11-08,20:00:00,1.6371,1.6412,1.6371,1.641,0,0
2017-11-08,21:00:00,1.6452,1.6452,1.645,1.645,0,0
2017-11-08,22:00:00,1.6493,1.6493,1.649,1.649,0,0
2017-11-08,23:00:00,1.6452,1.6493,1.645,1.649,0,0
2017-11-09,09:00:00,1.6495,1.6535,1.6495,1.6535,0,0
2017-11-09,10:00:00,1.6495,1.6535,1.6495,1.6495,0,0
2017-11-09,11:00:00,1.6535,1.6535,1.6495,1.6535,0,0
2017-11-09,12:00:00,1.6495,1.6535,1.6495,1.6495,0,0
2017-11-09,13:00:00,1.6535,1.6535,1.649,1.653,0,0
2017-11-09,14:00:00,1.6535,1.658,1.6495,1.653,0,0
2017-11-09,15:00:00,1.6576,1.6576,1.653,1.653,0,0
2017-11-09,16:00:00,1.6576,1.6576,1.645,1.645,0,0
2017-11-09,17:00:00,1.6495,1.6535,1.6454,1.653,0,0
2017-11-09,18:00:00,1.6576,1.6576,1.6373,1.641,0,0
2017-11-09,19:00:00,1.6373,1.6373,1.633,1.637,0,0
2017-11-09,20:00:00,1.6333,1.6414,1.6333,1.637,0,0
2017-11-09,21:00:00,1.6333,1.6373,1.633,1.633,0,0
2017-11-09,22:00:00,1.6373,1.6373,1.633,1.633,0,0
2017-11-09,23:00:00,1.6373,1.6414,1.6333,1.6373,0,0
2017-11-10,09:00:00,1.6501,1.6542,1.646,1.646,0,0
2017-11-10,10:00:00,1.6501,1.6501,1.646,1.65,0,0
2017-11-10,11:00:00,1.646,1.6501,1.646,1.646,0,0
2017-11-10,12:00:00,1.6501,1.6501,1.646,1.646,0,0
2017-11-10,13:00:00,1.6501,1.6501,1.646,1.65,0,0
2017-11-10,14:00:00,1.6542,1.6582,1.654,1.654,0,0
2017-11-10,15:00:00,1.6582,1.6582,1.6501,1.658,0,0
2017-11-10,16:00:00,1.6542,1.6582,1.654,1.654,0,0
2017-11-10,17:00:00,1.6582,1.6582,1.654,1.654,0,0
2017-11-10,18:00:00,1.6623,1.6623,1.658,1.658,0,0
2017-11-10,20:00:00,1.6623,1.6623,1.658,1.658,0,0
2017-11-10,21:00:00,1.6623,1.6623,1.6582,1.662,0,0
2017-11-10,22:00:00,1.6582,1.6623,1.658,1.662,0,0
2017-11-10,23:00:00,1.6582,1.6623,1.658,1.6623,0,0
2017-11-13,09:00:00,1.6625,1.6625,1.654,1.658,0,0
2017-11-13,10:00:00,1.6544,1.6584,1.654,1.654,0,0
2017-11-13,11:00:00,1.6584,1.6584,1.654,1.654,0,0
2017-11-13,12:00:00,1.6584,1.6584,1.6544,1.658,0,0
2017-11-13,13:00:00,1.6544,1.6584,1.654,1.654,0,0
2017-11-13,14:00:00,1.6584,1.6584,1.65,1.658,0,0
2017-11-13,15:00:00,1.6625,1.667,1.6584,1.667,0,0
2017-11-13,16:00:00,1.6625,1.667,1.6625,1.667,0,0
2017-11-13,17:00:00,1.6706,1.671,1.6666,1.671,0,0
2017-11-13,18:00:00,1.6747,1.6788,1.6747,1.675,0,0
2017-11-13,19:00:00,1.6788,1.679,1.6747,1.679,0,0
2017-11-13,20:00:00,1.6829,1.683,1.6829,1.683,0,0
2017-11-13,21:00:00,1.6869,1.687,1.6829,1.687,0,0
2017-11-13,22:00:00,1.6829,1.687,1.6829,1.687,0,0
2017-11-13,23:00:00,1.6829,1.687,1.6829,1.6869,0,0
2017-11-14,09:00:00,1.6831,1.6872,1.6831,1.687,0,0
2017-11-14,10:00:00,1.6913,1.6913,1.687,1.687,0,0
2017-11-14,11:00:00,1.6913,1.6913,1.687,1.687,0,0
2017-11-14,12:00:00,1.6913,1.6913,1.687,1.687,0,0
2017-11-14,13:00:00,1.6831,1.6872,1.683,1.683,0,0
2017-11-14,14:00:00,1.6872,1.6913,1.683,1.683,0,0
2017-11-14,15:00:00,1.6872,1.6994,1.683,1.699,0,0
2017-11-14,16:00:00,1.6953,1.6953,1.6872,1.691,0,0
2017-11-14,17:00:00,1.6872,1.6913,1.687,1.691,0,0
2017-11-14,18:00:00,1.6872,1.6913,1.687,1.691,0,0
2017-11-14,19:00:00,1.6872,1.6913,1.687,1.687,0,0
2017-11-14,20:00:00,1.6913,1.6913,1.687,1.691,0,0
2017-11-14,21:00:00,1.6872,1.6913,1.6872,1.691,0,0
2017-11-15,09:00:00,1.6752,1.6752,1.6711,1.675,0,0
2017-11-15,10:00:00,1.6711,1.6752,1.667,1.667,0,0
2017-11-15,11:00:00,1.6711,1.6711,1.6629,1.667,0,0
2017-11-15,12:00:00,1.6711,1.6711,1.6629,1.663,0,0
2017-11-15,13:00:00,1.667,1.6711,1.6629,1.671,0,0
2017-11-15,14:00:00,1.6752,1.6792,1.675,1.679,0,0
2017-11-15,15:00:00,1.6752,1.6915,1.675,1.683,0,0
2017-11-15,16:00:00,1.6792,1.692,1.6792,1.683,0,0
2017-11-15,17:00:00,1.6875,1.696,1.6875,1.696,0,0
2017-11-15,18:00:00,1.6997,1.6997,1.6956,1.696,0,0
2017-11-15,19:00:00,1.6915,1.696,1.6915,1.692,0,0
2017-11-15,20:00:00,1.6956,1.6956,1.6875,1.688,0,0
2017-11-15,23:00:00,1.6834,1.688,1.6834,1.688,0,0
2017-11-16,09:00:00,1.7041,1.7081,1.7,1.708,0,0
2017-11-16,10:00:00,1.7041,1.7081,1.704,1.704,0,0
2017-11-16,11:00:00,1.7081,1.7122,1.708,1.712,0,0
2017-11-16,13:00:00,1.7081,1.7122,1.708,1.712,0,0
2017-11-16,14:00:00,1.7164,1.7164,1.712,1.712,0,0
2017-11-16,15:00:00,1.7081,1.7122,1.708,1.708,0,0
2017-11-16,16:00:00,1.7122,1.7122,1.7041,1.712,0,0
2017-11-16,17:00:00,1.7081,1.7164,1.7081,1.712,0,0
2017-11-16,18:00:00,1.7164,1.7164,1.712,1.712,0,0
2017-11-16,20:00:00,1.7081,1.7081,1.708,1.708,0,0
2017-11-16,21:00:00,1.7122,1.7122,1.7081,1.712,0,0
2017-11-16,22:00:00,1.7164,1.7164,1.712,1.712,0,0
2017-11-16,23:00:00,1.7164,1.7164,1.712,1.712,0,0
2017-11-17,09:00:00,1.709,1.7173,1.709,1.713,0,0
2017-11-17,10:00:00,1.7173,1.7214,1.717,1.721,0,0
2017-11-17,11:00:00,1.7173,1.7214,1.717,1.717,0,0
2017-11-17,12:00:00,1.7214,1.7255,1.721,1.721,0,0
2017-11-17,13:00:00,1.7173,1.7214,1.7173,1.721,0,0
2017-11-17,14:00:00,1.7173,1.7214,1.7173,1.721,0,0
2017-11-17,15:00:00,1.7255,1.7255,1.721,1.721,0,0
2017-11-17,16:00:00,1.7173,1.7214,1.713,1.717,0,0
2017-11-17,17:00:00,1.7214,1.7214,1.717,1.721,0,0
2017-11-17,18:00:00,1.7173,1.7214,1.7173,1.721,0,0
2017-11-17,19:00:00,1.7173,1.7214,1.7173,1.721,0,0
2017-11-17,20:00:00,1.7173,1.726,1.7173,1.726,0,0
2017-11-17,21:00:00,1.7296,1.73,1.7255,1.73,0,0
2017-11-17,22:00:00,1.7255,1.7296,1.7255,1.726,0,0
2017-11-17,23:00:00,1.7214,1.726,1.7214,1.726,0,0
2017-11-20,10:00:00,1.7217,1.726,1.7176,1.722,0,0
2017-11-20,11:00:00,1.7258,1.726,1.7217,1.726,0,0
2017-11-20,12:00:00,1.7217,1.726,1.7217,1.722,0,0
2017-11-20,13:00:00,1.7258,1.726,1.7217,1.726,0,0
2017-11-20,14:00:00,1.7217,1.722,1.7217,1.722,0,0
2017-11-20,15:00:00,1.7258,1.734,1.722,1.73,0,0
2017-11-20,16:00:00,1.734,1.7381,1.7299,1.738,0,0
2017-11-20,17:00:00,1.734,1.7422,1.734,1.742,0,0
2017-11-20,18:00:00,1.7463,1.7505,1.742,1.75,0,0
2017-11-20,19:00:00,1.7546,1.755,1.7505,1.755,0,0
2017-11-20,20:00:00,1.7505,1.755,1.75,1.755,0,0
2017-11-20,21:00:00,1.7505,1.755,1.7505,1.755,0,0
2017-11-20,23:00:00,1.7587,1.7587,1.7587,1.7587,0,0
2017-11-21,09:00:00,1.7591,1.7591,1.755,1.759,0,0
2017-11-21,10:00:00,1.755,1.7632,1.755,1.763,0,0
2017-11-21,12:00:00,1.7591,1.7632,1.759,1.763,0,0
2017-11-21,13:00:00,1.7673,1.7673,1.767,1.767,0,0
2017-11-21,14:00:00,1.7632,1.7673,1.763,1.763,0,0
2017-11-21,15:00:00,1.7673,1.7715,1.767,1.767,0,0
2017-11-21,16:00:00,1.7632,1.7632,1.759,1.759,0,0
2017-11-21,17:00:00,1.755,1.772,1.755,1.772,0,0
2017-11-21,18:00:00,1.7756,1.776,1.7673,1.776,0,0
2017-11-21,19:00:00,1.7797,1.78,1.7756,1.776,0,0
2017-11-21,20:00:00,1.7797,1.7797,1.7715,1.776,0,0
2017-11-21,21:00:00,1.7715,1.776,1.7715,1.776,0,0
2017-11-21,22:00:00,1.7715,1.776,1.7715,1.772,0,0
2017-11-21,23:00:00,1.7756,1.776,1.7756,1.776,0,0
2017-11-22,09:00:00,1.7722,1.7722,1.768,1.768,0,0
2017-11-22,10:00:00,1.7722,1.7722,1.768,1.768,0,0
2017-11-22,11:00:00,1.7722,1.7722,1.768,1.772,0,0
2017-11-22,12:00:00,1.7681,1.7681,1.768,1.768,0,0
2017-11-22,14:00:00,1.7722,1.7722,1.7639,1.768,0,0
2017-11-22,15:00:00,1.7639,1.7681,1.7598,1.764,0,0
2017-11-22,16:00:00,1.7598,1.76,1.7557,1.756,0,0
2017-11-22,17:00:00,1.7515,1.7557,1.7432,1.747,0,0
2017-11-22,18:00:00,1.7515,1.7515,1.7432,1.747,0,0
2017-11-22,19:00:00,1.7432,1.7474,1.743,1.747,0,0
2017-11-22,20:00:00,1.7474,1.7474,1.7432,1.7474,0,0
2017-11-22,21:00:00,1.7432,1.7474,1.7308,1.731,0,0
2017-11-22,22:00:00,1.735,1.735,1.7308,1.731,0,0
2017-11-22,23:00:00,1.7267,1.731,1.7267,1.731,0,0
2017-11-24,09:00:00,1.7442,1.7442,1.74,1.74,0,0
2017-11-24,10:00:00,1.7442,1.7442,1.7401,1.744,0,0
2017-11-24,11:00:00,1.7484,1.7484,1.744,1.744,0,0
2017-11-24,12:00:00,1.7484,1.7484,1.7442,1.748,0,0
2017-11-24,13:00:00,1.7442,1.7484,1.744,1.744,0,0
2017-11-24,14:00:00,1.7401,1.7442,1.7401,1.744,0,0
2017-11-24,15:00:00,1.7401,1.7442,1.7401,1.744,0,0
2017-11-24,16:00:00,1.7401,1.7442,1.74,1.744,0,0
2017-11-24,17:00:00,1.7484,1.7484,1.748,1.748,0,0
2017-11-24,19:00:00,1.7526,1.7526,1.748,1.748,0,0
2017-11-24,20:00:00,1.7526,1.7526,1.748,1.748,0,0
2017-11-24,21:00:00,1.7526,1.7526,1.748,1.748,0,0
2017-11-27,10:00:00,1.7571,1.7654,1.757,1.765,0,0
2017-11-27,11:00:00,1.7613,1.7613,1.761,1.761,0,0
2017-11-27,13:00:00,1.7654,1.7654,1.7613,1.765,0,0
2017-11-27,14:00:00,1.7613,1.7654,1.7571,1.761,0,0
2017-11-27,15:00:00,1.7654,1.7654,1.7529,1.757,0,0
2017-11-27,16:00:00,1.7571,1.7571,1.7529,1.757,0,0
2017-11-27,17:00:00,1.7613,1.7654,1.7571,1.761,0,0
2017-11-27,18:00:00,1.7571,1.7571,1.7529,1.757,0,0
2017-11-27,19:00:00,1.7529,1.7571,1.7529,1.757,0,0
2017-11-27,20:00:00,1.7529,1.7571,1.7487,1.749,0,0
2017-11-27,21:00:00,1.7446,1.745,1.7446,1.745,0,0
2017-11-27,22:00:00,1.7404,1.745,1.7404,1.745,0,0
2017-11-27,23:00:00,1.7404,1.745,1.7404,1.745,0,0
2017-11-28,09:00:00,1.758,1.758,1.754,1.758,0,0
2017-11-28,10:00:00,1.754,1.758,1.754,1.758,0,0
2017-11-28,11:00:00,1.754,1.758,1.754,1.754,0,0
2017-11-28,12:00:00,1.75,1.754,1.75,1.754,0,0
2017-11-28,13:00:00,1.758,1.758,1.754,1.758,0,0
2017-11-28,14:00:00,1.754,1.758,1.754,1.754,0,0
2017-11-28,15:00:00,1.75,1.75,1.742,1.742,0,0
2017-11-28,16:00:00,1.746,1.746,1.746,1.746,0,0
2017-11-28,17:00:00,1.75,1.75,1.738,1.742,0,0
2017-11-28,18:00:00,1.738,1.742,1.738,1.742,0,0
2017-11-28,19:00:00,1.738,1.746,1.738,1.742,0,0
2017-11-28,20:00:00,1.746,1.754,1.746,1.75,0,0
2017-11-28,21:00:00,1.754,1.758,1.75,1.758,0,0
2017-11-28,22:00:00,1.754,1.762,1.75,1.75,0,0
2017-11-28,23:00:00,1.746,1.75,1.746,1.75,0,0
2017-11-29,09:00:00,1.754,1.754,1.75,1.754,0,0
2017-11-29,10:00:00,1.75,1.754,1.75,1.75,0,0
2017-11-29,11:00:00,1.754,1.754,1.754,1.754,0,0
2017-11-29,13:00:00,1.758,1.758,1.754,1.758,0,0
2017-11-29,14:00:00,1.754,1.754,1.75,1.754,0,0
2017-11-29,15:00:00,1.758,1.77,1.758,1.77,0,0
2017-11-29,16:00:00,1.774,1.774,1.77,1.774,0,0
2017-11-29,17:00:00,1.778,1.778,1.77,1.774,0,0
2017-11-29,18:00:00,1.778,1.778,1.77,1.77,0,0
2017-11-29,19:00:00,1.774,1.774,1.77,1.774,0,0
2017-11-29,20:00:00,1.77,1.774,1.7659,1.766,0,0
2017-11-29,21:00:00,1.762,1.766,1.762,1.762,0,0
2017-11-29,22:00:00,1.7659,1.7659,1.762,1.762,0,0
2017-11-29,23:00:00,1.7659,1.77,1.762,1.766,0,0
2017-11-30,09:00:00,1.762,1.77,1.762,1.77,0,0
2017-11-30,10:00:00,1.77,1.774,1.766,1.77,0,0
2017-11-30,11:00:00,1.774,1.774,1.762,1.762,0,0
2017-11-30,12:00:00,1.766,1.766,1.762,1.766,0,0
2017-11-30,13:00:00,1.762,1.766,1.762,1.762,0,0
2017-11-30,14:00:00,1.766,1.77,1.762,1.766,0,0
2017-11-30,15:00:00,1.77,1.774,1.766,1.774,0,0
2017-11-30,16:00:00,1.77,1.774,1.766,1.766,0,0
2017-11-30,17:00:00,1.77,1.77,1.766,1.77,0,0
2017-11-30,18:00:00,1.774,1.774,1.774,1.774,0,0
2017-11-30,19:00:00,1.778,1.786,1.774,1.786,0,0
2017-11-30,20:00:00,1.79,1.798,1.79,1.79,0,0
2017-11-30,21:00:00,1.794,1.794,1.79,1.79,0,0
2017-11-30,22:00:00,1.786,1.79,1.786,1.79,0,0
2017-11-30,23:00:00,1.786,1.79,1.786,1.786,0,0
2017-12-01,10:00:00,1.7901,1.7941,1.786,1.786,0,0
2017-12-01,11:00:00,1.7901,1.7901,1.782,1.782,0,0
2017-12-01,12:00:00,1.7781,1.7781,1.778,1.778,0,0
2017-12-01,13:00:00,1.7741,1.7781,1.7741,1.778,0,0
2017-12-01,14:00:00,1.7821,1.7861,1.778,1.782,0,0
2017-12-01,15:00:00,1.7861,1.7941,1.782,1.79,0,0
2017-12-01,16:00:00,1.7941,1.7941,1.79,1.794,0,0
2017-12-01,17:00:00,1.7901,1.8142,1.7901,1.81,0,0
2017-12-01,18:00:00,1.8062,1.8102,1.75,1.766,0,0
2017-12-01,19:00:00,1.766,1.7781,1.762,1.774,0,0
2017-12-01,20:00:00,1.7781,1.7901,1.7741,1.786,0,0
2017-12-01,21:00:00,1.7781,1.7781,1.778,1.778,0,0
2017-12-01,22:00:00,1.7821,1.7821,1.778,1.778,0,0
2017-12-01,23:00:00,1.7741,1.7741,1.7741,1.7741,0,0
2017-12-04,09:00:00,1.8103,1.8103,1.81,1.81,0,0
2017-12-04,10:00:00,1.8063,1.8063,1.794,1.794,0,0
2017-12-04,11:00:00,1.7901,1.7982,1.7901,1.798,0,0
2017-12-04,12:00:00,1.8022,1.8022,1.802,1.802,0,0
2017-12-04,13:00:00,1.8063,1.8063,1.802,1.802,0,0
2017-12-04,14:00:00,1.8063,1.8063,1.802,1.802,0,0
2017-12-04,15:00:00,1.7982,1.8022,1.798,1.802,0,0
2017-12-04,16:00:00,1.8063,1.8143,1.8022,1.81,0,0
2017-12-04,17:00:00,1.8063,1.8103,1.8022,1.806,0,0
2017-12-04,18:00:00,1.8103,1.8143,1.81,1.814,0,0
2017-12-04,19:00:00,1.8103,1.8143,1.81,1.81,0,0
2017-12-04,20:00:00,1.8063,1.8103,1.806,1.81,0,0
2017-12-04,21:00:00,1.8063,1.8103,1.8063,1.81,0,0
2017-12-05,10:00:00,1.8184,1.8184,1.814,1.814,0,0
2017-12-05,11:00:00,1.8104,1.8144,1.8104,1.814,0,0
2017-12-05,12:00:00,1.8104,1.8144,1.81,1.81,0,0
2017-12-05,13:00:00,1.8144,1.8144,1.8104,1.814,0,0
2017-12-05,14:00:00,1.8184,1.827,1.8184,1.827,0,0
2017-12-05,15:00:00,1.8305,1.8305,1.822,1.822,0,0
2017-12-05,16:00:00,1.8265,1.835,1.8265,1.831,0,0
2017-12-05,17:00:00,1.8265,1.835,1.8265,1.835,0,0
2017-12-05,18:00:00,1.8346,1.835,1.8305,1.831,0,0
2017-12-05,19:00:00,1.8265,1.831,1.8265,1.831,0,0
2017-12-05,20:00:00,1.8346,1.8386,1.8305,1.831,0,0
2017-12-05,21:00:00,1.8265,1.831,1.8265,1.827,0,0
2017-12-05,22:00:00,1.8224,1.827,1.822,1.822,0,0
2017-12-06,09:00:00,1.8064,1.8064,1.8024,1.806,0,0
2017-12-06,10:00:00,1.8024,1.8104,1.8024,1.806,0,0
2017-12-06,11:00:00,1.8104,1.8104,1.806,1.806,0,0
2017-12-06,12:00:00,1.8104,1.8104,1.806,1.81,0,0
2017-12-06,14:00:00,1.8064,1.8064,1.802,1.802,0,0
2017-12-06,15:00:00,1.7983,1.8024,1.7943,1.802,0,0
2017-12-06,16:00:00,1.8064,1.8064,1.7943,1.798,0,0
2017-12-06,17:00:00,1.8024,1.8024,1.798,1.802,0,0
2017-12-06,18:00:00,1.8064,1.8145,1.806,1.81,0,0
2017-12-06,19:00:00,1.8145,1.815,1.8145,1.815,0,0
2017-12-06,20:00:00,1.8104,1.8104,1.806,1.806,0,0
2017-12-06,21:00:00,1.8104,1.8104,1.806,1.806,0,0
2017-12-06,22:00:00,1.8024,1.8064,1.802,1.802,0,0
2017-12-06,23:00:00,1.8064,1.8104,1.806,1.8064,0,0
2017-12-07,11:00:00,1.8065,1.8105,1.806,1.806,0,0
2017-12-07,12:00:00,1.8105,1.815,1.81,1.815,0,0
2017-12-07,14:00:00,1.8186,1.819,1.8145,1.815,0,0
2017-12-07,15:00:00,1.8105,1.815,1.806,1.806,0,0
2017-12-07,16:00:00,1.8105,1.8145,1.8065,1.81,0,0
2017-12-07,17:00:00,1.8065,1.8105,1.806,1.806,0,0
2017-12-07,18:00:00,1.8105,1.8105,1.798,1.802,0,0
2017-12-07,19:00:00,1.7983,1.8024,1.798,1.802,0,0
2017-12-07,20:00:00,1.8065,1.8065,1.802,1.802,0,0
2017-12-07,21:00:00,1.8065,1.8105,1.8024,1.806,0,0
2017-12-07,22:00:00,1.8024,1.8065,1.802,1.802,0,0
2017-12-07,23:00:00,1.8065,1.8065,1.8024,1.806,0,0
2017-12-08,09:00:00,1.8148,1.815,1.8148,1.815,0,0
2017-12-08,12:00:00,1.8188,1.819,1.8148,1.815,0,0
2017-12-08,13:00:00,1.8188,1.823,1.8148,1.823,0,0
2017-12-08,14:00:00,1.8188,1.8229,1.8148,1.815,0,0
2017-12-08,15:00:00,1.8188,1.8188,1.798,1.798,0,0
2017-12-08,16:00:00,1.7985,1.803,1.7864,1.794,0,0
2017-12-08,17:00:00,1.7904,1.803,1.7904,1.798,0,0
2017-12-08,18:00:00,1.8026,1.8067,1.798,1.803,0,0
2017-12-08,19:00:00,1.7985,1.7985,1.798,1.798,0,0
2017-12-08,22:00:00,1.7945,1.7985,1.7945,1.798,0,0
2017-12-11,10:00:00,1.7945,1.799,1.7945,1.799,0,0
2017-12-11,11:00:00,1.7945,1.799,1.79,1.79,0,0
2017-12-11,12:00:00,1.7945,1.7945,1.79,1.794,0,0
2017-12-11,13:00:00,1.7905,1.7945,1.79,1.79,0,0
2017-12-11,14:00:00,1.7945,1.7945,1.7824,1.79,0,0
2017-12-11,15:00:00,1.7864,1.8067,1.7864,1.803,0,0
2017-12-11,16:00:00,1.8027,1.807,1.8027,1.807,0,0
2017-12-11,17:00:00,1.8027,1.807,1.8027,1.807,0,0
2017-12-11,18:00:00,1.8108,1.811,1.8067,1.811,0,0
2017-12-11,19:00:00,1.8149,1.815,1.8108,1.815,0,0
2017-12-11,20:00:00,1.8189,1.819,1.8149,1.819,0,0
2017-12-11,21:00:00,1.823,1.823,1.823,1.823,0,0
2017-12-11,22:00:00,1.827,1.827,1.823,1.823,0,0
2017-12-12,09:00:00,1.8271,1.8271,1.827,1.827,0,0
2017-12-12,10:00:00,1.8231,1.8271,1.8231,1.827,0,0
2017-12-12,11:00:00,1.8231,1.8271,1.8231,1.827,0,0
2017-12-12,12:00:00,1.8312,1.8312,1.827,1.831,0,0
2017-12-12,14:00:00,1.8353,1.8394,1.831,1.835,0,0
2017-12-12,15:00:00,1.8394,1.8434,1.839,1.843,0,0
2017-12-12,16:00:00,1.8394,1.8475,1.839,1.843,0,0
2017-12-12,17:00:00,1.8475,1.8475,1.847,1.847,0,0
2017-12-12,18:00:00,1.8434,1.8434,1.839,1.839,0,0
2017-12-12,19:00:00,1.8353,1.8394,1.831,1.839,0,0
2017-12-12,20:00:00,1.8353,1.8394,1.831,1.831,0,0
2017-12-12,21:00:00,1.8271,1.8312,1.827,1.831,0,0
2017-12-12,22:00:00,1.8271,1.8312,1.827,1.831,0,0
2017-12-12,23:00:00,1.8271,1.8312,1.8271,1.831,0,0
2017-12-13,10:00:00,1.8395,1.8436,1.839,1.839,0,0
2017-12-13,11:00:00,1.8354,1.844,1.835,1.844,0,0
2017-12-13,12:00:00,1.8395,1.8476,1.8395,1.844,0,0
2017-12-13,13:00:00,1.8476,1.8476,1.8436,1.844,0,0
2017-12-13,14:00:00,1.8476,1.8517,1.8476,1.848,0,0
2017-12-13,15:00:00,1.8517,1.852,1.8109,1.8191,0,0
2017-12-13,16:00:00,1.815,1.8231,1.815,1.823,0,0
2017-12-13,17:00:00,1.8272,1.8354,1.827,1.827,0,0
2017-12-13,18:00:00,1.8231,1.8313,1.8231,1.831,0,0
2017-12-13,19:00:00,1.8272,1.8313,1.827,1.827,0,0
2017-12-13,20:00:00,1.8231,1.8231,1.819,1.819,0,0
2017-12-13,21:00:00,1.8109,1.8191,1.782,1.782,0,0
2017-12-13,22:00:00,1.7865,1.7906,1.782,1.782,0,0
2017-12-13,23:00:00,1.7784,1.7824,1.778,1.7824,0,0
2017-12-14,09:00:00,1.8029,1.807,1.8029,1.807,0,0
2017-12-14,10:00:00,1.8029,1.8151,1.8029,1.8151,0,0
2017-12-14,11:00:00,1.8192,1.8192,1.811,1.811,0,0
2017-12-14,12:00:00,1.8151,1.8151,1.8069,1.807,0,0
2017-12-14,13:00:00,1.811,1.811,1.8029,1.807,0,0
2017-12-14,14:00:00,1.8029,1.807,1.8029,1.807,0,0
2017-12-14,15:00:00,1.8029,1.8232,1.8029,1.811,0,0
2017-12-14,16:00:00,1.8069,1.8192,1.8069,1.819,0,0
2017-12-14,17:00:00,1.8232,1.8273,1.819,1.819,0,0
2017-12-14,18:00:00,1.8151,1.8192,1.8151,1.819,0,0
2017-12-14,19:00:00,1.8151,1.8151,1.811,1.811,0,0
2017-12-14,20:00:00,1.8151,1.8151,1.8069,1.811,0,0
2017-12-14,22:00:00,1.8151,1.8151,1.811,1.815,0,0
2017-12-14,23:00:00,1.8192,1.8192,1.815,1.815,0,0
2017-12-15,09:00:00,1.8235,1.8235,1.819,1.819,0,0
2017-12-15,10:00:00,1.8235,1.8235,1.8194,1.823,0,0
2017-12-15,11:00:00,1.8276,1.828,1.823,1.823,0,0
2017-12-15,12:00:00,1.8276,1.8276,1.823,1.823,0,0
2017-12-15,13:00:00,1.8276,1.828,1.823,1.823,0,0
2017-12-15,14:00:00,1.8276,1.8276,1.823,1.823,0,0
2017-12-15,15:00:00,1.8276,1.836,1.8235,1.836,0,0
2017-12-15,16:00:00,1.8399,1.844,1.8358,1.844,0,0
2017-12-15,17:00:00,1.8481,1.8481,1.844,1.844,0,0
2017-12-15,18:00:00,1.8481,1.8522,1.844,1.848,0,0
2017-12-15,21:00:00,1.844,1.8481,1.8399,1.84,0,0
2017-12-15,22:00:00,1.8358,1.844,1.8358,1.844,0,0
2017-12-15,23:00:00,1.8399,1.844,1.8358,1.84,0,0
2017-12-18,09:00:00,1.8565,1.857,1.8565,1.857,0,0
2017-12-18,14:00:00,1.8524,1.857,1.852,1.852,0,0
2017-12-18,15:00:00,1.8483,1.8524,1.848,1.848,0,0
2017-12-18,16:00:00,1.8442,1.8483,1.84,1.84,0,0
2017-12-18,17:00:00,1.836,1.8401,1.8277,1.832,0,0
2017-12-18,18:00:00,1.8277,1.832,1.8277,1.832,0,0
2017-12-18,20:00:00,1.836,1.836,1.8318,1.832,0,0
2017-12-18,21:00:00,1.836,1.836,1.8318,1.832,0,0
2017-12-19,09:00:00,1.8319,1.832,1.8319,1.832,0,0
2017-12-19,10:00:00,1.8361,1.8361,1.8319,1.832,0,0
2017-12-19,11:00:00,1.8361,1.8361,1.8319,1.836,0,0
2017-12-19,12:00:00,1.8402,1.8402,1.836,1.836,0,0
2017-12-19,14:00:00,1.8402,1.8443,1.8361,1.844,0,0
2017-12-19,15:00:00,1.8484,1.853,1.844,1.853,0,0
2017-12-19,16:00:00,1.8484,1.857,1.848,1.848,0,0
2017-12-19,17:00:00,1.8525,1.857,1.848,1.857,0,0
2017-12-19,18:00:00,1.8525,1.857,1.8525,1.857,0,0
2017-12-19,19:00:00,1.8607,1.861,1.8566,1.861,0,0
2017-12-19,20:00:00,1.8566,1.857,1.8566,1.857,0,0
2017-12-19,21:00:00,1.8607,1.8607,1.8525,1.853,0,0
2017-12-19,22:00:00,1.8525,1.857,1.8525,1.853,0,0
2017-12-19,23:00:00,1.8566,1.857,1.8525,1.857,0,0
2017-12-20,09:00:00,1.8526,1.861,1.8526,1.861,0,0
2017-12-20,10:00:00,1.8567,1.857,1.8526,1.857,0,0
2017-12-20,11:00:00,1.8526,1.857,1.8526,1.857,0,0
2017-12-20,12:00:00,1.8526,1.857,1.8485,1.857,0,0
2017-12-20,13:00:00,1.8526,1.8567,1.8526,1.853,0,0
2017-12-20,14:00:00,1.8567,1.857,1.8526,1.857,0,0
2017-12-20,15:00:00,1.8608,1.865,1.8608,1.865,0,0
2017-12-20,16:00:00,1.8691,1.8732,1.865,1.865,0,0
2017-12-20,17:00:00,1.8691,1.8691,1.8608,1.861,0,0
2017-12-20,18:00:00,1.8567,1.857,1.8567,1.857,0,0
2017-12-20,19:00:00,1.8608,1.8608,1.8526,1.857,0,0
2017-12-20,20:00:00,1.8608,1.861,1.8567,1.861,0,0
2017-12-20,21:00:00,1.8567,1.861,1.8567,1.861,0,0
2017-12-20,22:00:00,1.865,1.865,1.8608,1.861,0,0
2017-12-20,23:00:00,1.8567,1.861,1.8567,1.861,0,0
2017-12-21,09:00:00,1.861,1.861,1.8569,1.861,0,0
2017-12-21,10:00:00,1.8651,1.8651,1.861,1.861,0,0
2017-12-21,12:00:00,1.8569,1.861,1.8528,1.857,0,0
2017-12-21,13:00:00,1.861,1.861,1.8569,1.857,0,0
2017-12-21,14:00:00,1.8528,1.8569,1.8528,1.853,0,0
2017-12-21,15:00:00,1.8569,1.8651,1.8528,1.865,0,0
2017-12-21,16:00:00,1.8693,1.8693,1.869,1.869,0,0
2017-12-21,17:00:00,1.8734,1.8775,1.873,1.8775,0,0
2017-12-21,18:00:00,1.8734,1.8775,1.869,1.869,0,0
2017-12-21,19:00:00,1.8734,1.8775,1.869,1.877,0,0
2017-12-21,20:00:00,1.8734,1.8775,1.873,1.877,0,0
2017-12-21,22:00:00,1.8816,1.882,1.8775,1.882,0,0
2017-12-21,23:00:00,1.8775,1.882,1.877,1.882,0,0
2017-12-22,10:00:00,1.8741,1.8782,1.874,1.878,0,0
2017-12-22,11:00:00,1.8823,1.8823,1.882,1.882,0,0
2017-12-22,12:00:00,1.8865,1.887,1.8865,1.887,0,0
2017-12-22,15:00:00,1.8823,1.8948,1.882,1.891,0,0
2017-12-22,18:00:00,1.8948,1.899,1.8906,1.895,0,0
2017-12-22,19:00:00,1.8989,1.899,1.8948,1.899,0,0
2017-12-22,20:00:00,1.8989,1.899,1.8948,1.895,0,0
2017-12-26,13:00:00,1.9075,1.9075,1.8991,1.907,0,0
2017-12-26,14:00:00,1.9116,1.912,1.9116,1.912,0,0
2017-12-26,16:00:00,1.9075,1.9075,1.907,1.907,0,0
2017-12-26,17:00:00,1.9033,1.9033,1.903,1.903,0,0
2017-12-26,19:00:00,1.8991,1.9033,1.8991,1.903,0,0
2017-12-26,20:00:00,1.8991,1.912,1.8991,1.907,0,0
2017-12-26,21:00:00,1.9033,1.9033,1.903,1.903,0,0
2017-12-26,22:00:00,1.9075,1.9075,1.903,1.903,0,0
2017-12-27,14:00:00,1.9191,1.9231,1.919,1.919,0,0
2017-12-27,15:00:00,1.9151,1.9191,1.915,1.915,0,0
2017-12-27,16:00:00,1.9111,1.9111,1.911,1.911,0,0
2017-12-27,17:00:00,1.9151,1.9151,1.911,1.911,0,0
2017-12-27,18:00:00,1.9071,1.9111,1.9071,1.911,0,0
2017-12-27,19:00:00,1.9071,1.9071,1.907,1.907,0,0
2017-12-27,20:00:00,1.9111,1.9111,1.903,1.903,0,0
2017-12-27,21:00:00,1.9071,1.9071,1.899,1.899,0,0
2017-12-27,22:00:00,1.9031,1.9031,1.895,1.899,0,0
2017-12-27,23:00:00,1.895,1.899,1.895,1.895,0,0
2017-12-28,10:00:00,1.9031,1.9031,1.903,1.903,0,0
2017-12-28,11:00:00,1.9071,1.9071,1.9031,1.907,0,0
2017-12-28,12:00:00,1.9031,1.9031,1.899,1.899,0,0
2017-12-28,13:00:00,1.9031,1.9031,1.903,1.903,0,0
2017-12-28,14:00:00,1.9071,1.9071,1.903,1.907,0,0
2017-12-28,15:00:00,1.9031,1.9071,1.9031,1.907,0,0
2017-12-28,16:00:00,1.9031,1.9071,1.903,1.903,0,0
2017-12-28,18:00:00,1.899,1.9031,1.899,1.899,0,0
2017-12-28,19:00:00,1.9031,1.9031,1.899,1.903,0,0
2017-12-28,20:00:00,1.9071,1.9111,1.903,1.911,0,0
2017-12-28,21:00:00,1.9071,1.9111,1.907,1.911,0,0
2017-12-28,22:00:00,1.9071,1.9071,1.907,1.907,0,0
2017-12-28,23:00:00,1.9111,1.9111,1.9071,1.911,0,0
2017-12-29,09:00:00,1.9111,1.9111,1.907,1.907,0,0
2017-12-29,10:00:00,1.9031,1.9031,1.903,1.903,0,0
2017-12-29,11:00:00,1.899,1.9031,1.899,1.903,0,0
2017-12-29,12:00:00,1.899,1.899,1.895,1.895,0,0
2017-12-29,13:00:00,1.899,1.899,1.895,1.895,0,0
2017-12-29,14:00:00,1.899,1.899,1.895,1.895,0,0
2017-12-29,15:00:00,1.899,1.9031,1.899,1.899,0,0
2017-12-29,16:00:00,1.895,1.895,1.895,1.895,0,0
2017-12-29,17:00:00,1.891,1.895,1.891,1.895,0,0
2017-12-29,19:00:00,1.891,1.891,1.891,1.891,0,0
2017-12-29,20:00:00,1.887,1.887,1.883,1.887,0,0
2018-01-02,10:00:00,1.8991,1.8991,1.895,1.899,0,0
2018-01-02,11:00:00,1.8951,1.8991,1.895,1.899,0,0
2018-01-02,12:00:00,1.8991,1.8991,1.899,1.899,0,0
2018-01-02,13:00:00,1.8951,1.9031,1.895,1.903,0,0
2018-01-02,16:00:00,1.9071,1.9151,1.9031,1.915,0,0
2018-01-02,17:00:00,1.9191,1.9191,1.9151,1.919,0,0
2018-01-02,18:00:00,1.9231,1.9231,1.919,1.919,0,0
2018-01-02,19:00:00,1.9231,1.9272,1.9191,1.927,0,0
2018-01-02,20:00:00,1.9231,1.9272,1.923,1.923,0,0
2018-01-02,21:00:00,1.9191,1.9231,1.9191,1.923,0,0
2018-01-03,10:00:00,1.9232,1.9273,1.923,1.927,0,0
2018-01-03,11:00:00,1.9232,1.9273,1.923,1.927,0,0
2018-01-03,12:00:00,1.9232,1.9232,1.915,1.915,0,0
2018-01-03,13:00:00,1.9192,1.9192,1.915,1.915,0,0
2018-01-03,14:00:00,1.9192,1.9192,1.9152,1.919,0,0
2018-01-03,15:00:00,1.9232,1.9232,1.9192,1.923,0,0
2018-01-03,16:00:00,1.9192,1.9192,1.919,1.919,0,0
2018-01-03,17:00:00,1.9232,1.9353,1.923,1.923,0,0
2018-01-03,18:00:00,1.9192,1.9192,1.9152,1.919,0,0
2018-01-03,19:00:00,1.9152,1.9192,1.9152,1.919,0,0
2018-01-03,20:00:00,1.9152,1.9192,1.915,1.919,0,0
2018-01-03,21:00:00,1.9232,1.9393,1.9192,1.935,0,0
2018-01-03,22:00:00,1.9313,1.9353,1.931,1.935,0,0
2018-01-03,23:00:00,1.9313,1.9353,1.931,1.935,0,0
2018-01-04,09:00:00,1.9515,1.952,1.9515,1.952,0,0
2018-01-04,10:00:00,1.9555,1.9596,1.9555,1.956,0,0
2018-01-04,11:00:00,1.9515,1.956,1.9515,1.956,0,0
2018-01-04,12:00:00,1.9515,1.956,1.9515,1.956,0,0
2018-01-04,13:00:00,1.9596,1.964,1.9596,1.964,0,0
2018-01-04,14:00:00,1.9596,1.96,1.9596,1.96,0,0
2018-01-04,15:00:00,1.9555,1.976,1.9555,1.976,0,0
2018-01-04,16:00:00,1.9717,1.972,1.9636,1.968,0,0
2018-01-04,17:00:00,1.9717,1.9717,1.9636,1.964,0,0
2018-01-04,18:00:00,1.9676,1.968,1.9596,1.96,0,0
2018-01-04,19:00:00,1.9636,1.9636,1.9515,1.952,0,0
2018-01-04,20:00:00,1.9474,1.9515,1.947,1.947,0,0
2018-01-04,21:00:00,1.9515,1.956,1.9515,1.956,0,0
2018-01-04,22:00:00,1.9596,1.96,1.9555,1.96,0,0
2018-01-04,23:00:00,1.9555,1.956,1.9555,1.956,0,0
2018-01-05,11:00:00,1.9599,1.96,1.9599,1.96,0,0
2018-01-05,12:00:00,1.9558,1.96,1.9558,1.96,0,0
2018-01-05,13:00:00,1.9639,1.964,1.9639,1.964,0,0
2018-01-05,14:00:00,1.9599,1.96,1.9558,1.96,0,0
2018-01-05,15:00:00,1.9639,1.9639,1.9396,1.96,0,0
2018-01-05,16:00:00,1.9639,1.9639,1.9558,1.9639,0,0
2018-01-05,17:00:00,1.9599,1.968,1.9558,1.964,0,0
2018-01-05,18:00:00,1.9599,1.964,1.9599,1.964,0,0
2018-01-05,19:00:00,1.968,1.968,1.9599,1.964,0,0
2018-01-05,21:00:00,1.9599,1.964,1.9599,1.96,0,0
2018-01-05,22:00:00,1.9639,1.9639,1.9599,1.96,0,0
2018-01-05,23:00:00,1.9639,1.968,1.9599,1.968,0,0
2018-01-08,09:00:00,1.964,1.9681,1.964,1.968,0,0
2018-01-08,10:00:00,1.9721,1.9721,1.964,1.964,0,0
2018-01-08,11:00:00,1.96,1.96,1.96,1.96,0,0
2018-01-08,13:00:00,1.9559,1.96,1.9559,1.956,0,0
2018-01-08,14:00:00,1.9559,1.96,1.9559,1.956,0,0
2018-01-08,15:00:00,1.96,1.96,1.9518,1.956,0,0
2018-01-08,16:00:00,1.96,1.96,1.9559,1.9559,0,0
2018-01-08,17:00:00,1.9559,1.964,1.9559,1.96,0,0
2018-01-08,18:00:00,1.964,1.9681,1.964,1.964,0,0
2018-01-08,19:00:00,1.96,1.96,1.96,1.96,0,0
2018-01-08,22:00:00,1.964,1.964,1.964,1.964,0,0
2018-01-08,23:00:00,1.96,1.964,1.96,1.964,0,0
2018-01-09,09:00:00,1.9601,1.9642,1.96,1.964,0,0
2018-01-09,10:00:00,1.9601,1.9682,1.9601,1.968,0,0
2018-01-09,11:00:00,1.9642,1.9682,1.96,1.96,0,0
2018-01-09,12:00:00,1.956,1.956,1.956,1.956,0,0
2018-01-09,13:00:00,1.9519,1.952,1.9519,1.952,0,0
2018-01-09,14:00:00,1.948,1.952,1.948,1.952,0,0
2018-01-09,15:00:00,1.948,1.956,1.948,1.952,0,0
2018-01-09,16:00:00,1.956,1.964,1.952,1.96,0,0
2018-01-09,17:00:00,1.964,1.964,1.956,1.956,0,0
2018-01-09,18:00:00,1.96,1.968,1.96,1.968,0,0
2018-01-09,19:00:00,1.964,1.968,1.964,1.964,0,0
2018-01-09,20:00:00,1.96,1.96,1.96,1.96,0,0
2018-01-09,21:00:00,1.964,1.968,1.964,1.968,0,0
2018-01-09,22:00:00,1.964,1.976,1.964,1.972,0,0
2018-01-09,23:00:00,1.968,1.972,1.968,1.972,0,0
2018-01-10,09:00:00,1.972,1.972,1.968,1.968,0,0
2018-01-10,10:00:00,1.972,1.972,1.968,1.968,0,0
2018-01-10,11:00:00,1.964,1.968,1.964,1.968,0,0
2018-01-10,12:00:00,1.972,1.985,1.972,1.98,0,0
2018-01-10,13:00:00,1.977,1.977,1.964,1.972,0,0
2018-01-10,14:00:00,1.968,1.972,1.968,1.972,0,0
2018-01-10,15:00:00,1.968,1.985,1.968,1.98,0,0
2018-01-10,16:00:00,1.977,1.985,1.977,1.985,0,0
2018-01-10,17:00:00,1.98,1.985,1.977,1.98,0,0
2018-01-10,18:00:00,1.977,1.98,1.977,1.977,0,0
2018-01-10,19:00:00,1.98,1.98,1.977,1.98,0,0
2018-01-10,20:00:00,1.977,1.977,1.972,1.977,0,0
2018-01-10,21:00:00,1.972,1.972,1.972,1.972,0,0
2018-01-10,22:00:00,1.977,1.977,1.972,1.972,0,0
2018-01-10,23:00:00,1.977,1.977,1.972,1.972,0,0
2018-01-11,09:00:00,1.977,1.977,1.972,1.972,0,0
2018-01-11,10:00:00,1.977,1.977,1.968,1.968,0,0
2018-01-11,11:00:00,1.972,1.972,1.968,1.972,0,0
2018-01-11,12:00:00,1.968,1.972,1.968,1.968,0,0
2018-01-11,13:00:00,1.972,1.972,1.972,1.972,0,0
2018-01-11,14:00:00,1.968,1.981,1.968,1.977,0,0
2018-01-11,15:00:00,1.981,1.981,1.968,1.977,0,0
2018-01-11,16:00:00,1.981,1.981,1.972,1.981,0,0
2018-01-11,17:00:00,1.977,1.981,1.972,1.977,0,0
2018-01-11,18:00:00,1.981,1.981,1.972,1.977,0,0
2018-01-11,19:00:00,1.972,1.977,1.972,1.977,0,0
2018-01-11,20:00:00,1.972,1.977,1.968,1.977,0,0
2018-01-11,21:00:00,1.972,1.977,1.972,1.972,0,0
2018-01-11,22:00:00,1.977,1.989,1.972,1.985,0,0
2018-01-11,23:00:00,1.981,1.985,1.981,1.985,0,0
2018-01-12,10:00:00,1.989,1.993,1.989,1.989,0,0
2018-01-12,13:00:00,1.993,1.993,1.993,1.993,0,0
2018-01-12,14:00:00,1.989,1.989,1.985,1.989,0,0
2018-01-12,15:00:00,1.993,2.026,1.989,2.018,0,0
2018-01-12,16:00:00,2.014,2.018,2.01,2.014,0,0
2018-01-12,17:00:00,2.01,2.014,2.01,2.01,0,0
2018-01-12,18:00:00,2.014,2.014,2.006,2.01,0,0
2018-01-12,19:00:00,2.006,2.01,2.006,2.01,0,0
2018-01-12,20:00:00,2.006,2.006,2.002,2.002,0,0
2018-01-12,22:00:00,1.998,2.002,1.998,2.002,0,0
2018-01-12,23:00:00,2.006,2.006,2.002,2.006,0,0
2018-01-16,09:00:00,2.006,2.01,2.002,2.006,0,0
2018-01-16,10:00:00,2.01,2.01,2.002,2.002,0,0
2018-01-16,11:00:00,1.998,1.998,1.998,1.998,0,0
2018-01-16,12:00:00,1.994,1.998,1.994,1.998,0,0
2018-01-16,13:00:00,2.002,2.002,1.998,1.998,0,0
2018-01-16,14:00:00,2.002,2.006,2.002,2.002,0,0
2018-01-16,15:00:00,2.006,2.01,2.006,2.01,0,0
2018-01-16,16:00:00,2.014,2.018,2.006,2.018,0,0
2018-01-16,17:00:00,2.022,2.022,2.01,2.014,0,0
2018-01-16,18:00:00,2.018,2.022,2.014,2.018,0,0
2018-01-16,19:00:00,2.022,2.026,2.018,2.026,0,0
2018-01-16,20:00:00,2.022,2.026,2.018,2.022,0,0
2018-01-16,21:00:00,2.018,2.022,2.014,2.018,0,0
2018-01-16,22:00:00,2.022,2.022,2.018,2.018,0,0
2018-01-16,23:00:00,2.022,2.022,2.018,2.018,0,0
2018-01-17,09:00:00,2.031,2.035,2.027,2.035,0,0
2018-01-17,10:00:00,2.039,2.039,2.035,2.039,0,0
2018-01-17,11:00:00,2.043,2.043,2.039,2.039,0,0
2018-01-17,12:00:00,2.035,2.035,2.035,2.035,0,0
2018-01-17,13:00:00,2.039,2.039,2.035,2.039,0,0
2018-01-17,14:00:00,2.035,2.035,2.035,2.035,0,0
2018-01-17,15:00:00,2.031,2.043,2.031,2.043,0,0
2018-01-17,16:00:00,2.047,2.047,2.035,2.039,0,0
2018-01-17,17:00:00,2.035,2.039,2.035,2.039,0,0
2018-01-17,18:00:00,2.043,2.047,2.039,2.043,0,0
2018-01-17,19:00:00,2.039,2.043,2.039,2.043,0,0
2018-01-17,20:00:00,2.039,2.039,2.039,2.039,0,0
2018-01-17,21:00:00,2.043,2.047,2.039,2.043,0,0
2018-01-17,22:00:00,2.039,2.043,2.039,2.043,0,0
2018-01-17,23:00:00,2.047,2.051,2.047,2.047,0,0
2018-01-18,09:00:00,2.056,2.056,2.052,2.052,0,0
2018-01-18,10:00:00,2.047,2.056,2.047,2.056,0,0
2018-01-18,11:00:00,2.047,2.06,2.047,2.056,0,0
2018-01-18,12:00:00,2.052,2.052,2.047,2.047,0,0
2018-01-18,13:00:00,2.052,2.052,2.047,2.052,0,0
2018-01-18,14:00:00,2.047,2.052,2.043,2.052,0,0
2018-01-18,15:00:00,2.056,2.06,2.052,2.052,0,0
2018-01-18,16:00:00,2.056,2.06,2.047,2.056,0,0
2018-01-18,17:00:00,2.052,2.06,2.052,2.056,0,0
2018-01-18,18:00:00,2.052,2.056,2.047,2.052,0,0
2018-01-18,19:00:00,2.047,2.052,2.047,2.047,0,0
2018-01-18,20:00:00,2.052,2.052,2.047,2.052,0,0
2018-01-18,21:00:00,2.047,2.047,2.043,2.043,0,0
2018-01-18,22:00:00,2.047,2.052,2.043,2.047,0,0
2018-01-18,23:00:00,2.043,2.047,2.043,2.047,0,0
2018-01-19,09:00:00,2.048,2.052,2.048,2.048,0,0
2018-01-19,10:00:00,2.044,2.048,2.044,2.044,0,0
2018-01-19,11:00:00,2.044,2.048,2.044,2.048,0,0
2018-01-19,12:00:00,2.044,2.048,2.044,2.048,0,0
2018-01-19,13:00:00,2.052,2.052,2.044,2.048,0,0
2018-01-19,14:00:00,2.052,2.052,2.044,2.048,0,0
2018-01-19,15:00:00,2.052,2.052,2.044,2.044,0,0
2018-01-19,16:00:00,2.048,2.065,2.044,2.061,0,0
2018-01-19,17:00:00,2.056,2.061,2.052,2.056,0,0
2018-01-19,18:00:00,2.061,2.061,2.052,2.052,0,0
2018-01-19,19:00:00,2.056,2.056,2.052,2.052,0,0
2018-01-19,20:00:00,2.056,2.056,2.052,2.056,0,0
2018-01-19,21:00:00,2.061,2.061,2.056,2.056,0,0
2018-01-19,22:00:00,2.065,2.069,2.061,2.065,0,0
2018-01-19,23:00:00,2.069,2.073,2.065,2.069,0,0
2018-01-22,09:00:00,2.065,2.065,2.065,2.065,0,0
2018-01-22,10:00:00,2.069,2.073,2.065,2.073,0,0
2018-01-22,11:00:00,2.069,2.073,2.069,2.073,0,0
2018-01-22,13:00:00,2.069,2.069,2.069,2.069,0,0
2018-01-22,14:00:00,2.073,2.082,2.073,2.082,0,0
2018-01-22,15:00:00,2.077,2.082,2.069,2.073,0,0
2018-01-22,16:00:00,2.069,2.073,2.065,2.069,0,0
2018-01-22,17:00:00,2.065,2.069,2.061,2.061,0,0
2018-01-22,18:00:00,2.065,2.073,2.061,2.073,0,0
2018-01-22,19:00:00,2.077,2.077,2.073,2.073,0,0
2018-01-22,21:00:00,2.069,2.073,2.069,2.073,0,0
2018-01-22,22:00:00,2.069,2.073,2.069,2.069,0,0
2018-01-22,23:00:00,2.065,2.065,2.065,2.065,0,0
2018-01-23,10:00:00,2.061,2.061,2.057,2.057,0,0
2018-01-23,11:00:00,2.061,2.061,2.057,2.057,0,0
2018-01-23,12:00:00,2.061,2.061,2.057,2.061,0,0
2018-01-23,13:00:00,2.057,2.061,2.057,2.061,0,0
2018-01-23,14:00:00,2.065,2.065,2.057,2.057,0,0
2018-01-23,15:00:00,2.061,2.065,2.053,2.053,0,0
2018-01-23,16:00:00,2.057,2.061,2.053,2.053,0,0
2018-01-23,17:00:00,2.057,2.057,2.049,2.053,0,0
2018-01-23,18:00:00,2.057,2.057,2.053,2.057,0,0
2018-01-23,19:00:00,2.053,2.053,2.053,2.053,0,0
2018-01-23,20:00:00,2.049,2.049,2.049,2.049,0,0
2018-01-23,21:00:00,2.045,2.045,2.045,2.045,0,0
2018-01-23,23:00:00,2.04,2.045,2.04,2.045,0,0
2018-01-24,09:00:00,2.056,2.064,2.056,2.064,0,0
2018-01-24,10:00:00,2.06,2.064,2.056,2.056,0,0
2018-01-24,11:00:00,2.06,2.064,2.06,2.06,0,0
2018-01-24,12:00:00,2.064,2.064,2.06,2.06,0,0
2018-01-24,13:00:00,2.056,2.064,2.056,2.064,0,0
2018-01-24,14:00:00,2.068,2.076,2.064,2.076,0,0
2018-01-24,15:00:00,2.072,2.076,2.068,2.072,0,0
2018-01-24,16:00:00,2.068,2.072,2.068,2.072,0,0
2018-01-24,17:00:00,2.076,2.084,2.076,2.08,0,0
2018-01-24,18:00:00,2.084,2.084,2.076,2.08,0,0
2018-01-24,19:00:00,2.076,2.08,2.076,2.076,0,0
2018-01-24,20:00:00,2.08,2.08,2.072,2.08,0,0
2018-01-24,21:00:00,2.076,2.084,2.076,2.084,0,0
2018-01-24,22:00:00,2.08,2.084,2.08,2.08,0,0
2018-01-24,23:00:00,2.084,2.084,2.08,2.08,0,0
2018-01-25,09:00:00,2.072,2.076,2.068,2.076,0,0
2018-01-25,10:00:00,2.08,2.084,2.08,2.08,0,0
2018-01-25,12:00:00,2.084,2.084,2.084,2.084,0,0
2018-01-25,13:00:00,2.08,2.08,2.076,2.08,0,0
2018-01-25,14:00:00,2.076,2.08,2.076,2.08,0,0
2018-01-25,15:00:00,2.076,2.096,2.076,2.096,0,0
2018-01-25,16:00:00,2.1,2.104,2.096,2.1,0,0
2018-01-25,17:00:00,2.096,2.104,2.096,2.096,0,0
2018-01-25,18:00:00,2.092,2.096,2.092,2.092,0,0
2018-01-25,19:00:00,2.088,2.092,2.088,2.092,0,0
2018-01-25,20:00:00,2.088,2.088,2.084,2.088,0,0
2018-01-25,21:00:00,2.084,2.088,2.084,2.084,0,0
2018-01-25,22:00:00,2.088,2.088,2.08,2.084,0,0
2018-01-25,23:00:00,2.088,2.092,2.084,2.088,0,0
2018-01-26,09:00:00,2.096,2.096,2.096,2.096,0,0
2018-01-26,10:00:00,2.092,2.092,2.092,2.092,0,0
2018-01-26,11:00:00,2.096,2.096,2.096,2.096,0,0
2018-01-26,12:00:00,2.1,2.104,2.1,2.104,0,0
2018-01-26,13:00:00,2.108,2.116,2.104,2.112,0,0
2018-01-26,14:00:00,2.116,2.116,2.112,2.116,0,0
2018-01-26,15:00:00,2.12,2.12,2.104,2.112,0,0
2018-01-26,16:00:00,2.116,2.12,2.108,2.12,0,0
2018-01-26,17:00:00,2.124,2.124,2.12,2.124,0,0
2018-01-26,18:00:00,2.128,2.132,2.124,2.128,0,0
2018-01-26,19:00:00,2.124,2.124,2.124,2.124,0,0
2018-01-26,20:00:00,2.12,2.12,2.12,2.12,0,0
2018-01-26,21:00:00,2.124,2.128,2.12,2.12,0,0
2018-01-26,22:00:00,2.124,2.124,2.12,2.12,0,0
2018-01-29,09:00:00,2.144,2.148,2.14,2.14,0,0
2018-01-29,10:00:00,2.136,2.148,2.136,2.148,0,0
2018-01-29,11:00:00,2.152,2.157,2.152,2.157,0,0
2018-01-29,12:00:00,2.161,2.161,2.152,2.157,0,0
2018-01-29,13:00:00,2.152,2.157,2.148,2.148,0,0
2018-01-29,14:00:00,2.144,2.148,2.144,2.148,0,0
2018-01-29,15:00:00,2.152,2.152,2.136,2.14,0,0
2018-01-29,16:00:00,2.136,2.14,2.132,2.14,0,0
2018-01-29,17:00:00,2.136,2.144,2.136,2.136,0,0
2018-01-29,18:00:00,2.14,2.14,2.132,2.132,0,0
2018-01-29,19:00:00,2.128,2.132,2.124,2.128,0,0
2018-01-29,20:00:00,2.124,2.124,2.124,2.124,0,0
2018-01-29,21:00:00,2.128,2.128,2.12,2.12,0,0
2018-01-29,22:00:00,2.12,2.124,2.116,2.12,0,0
2018-01-29,23:00:00,2.116,2.12,2.116,2.12,0,0
2018-01-30,09:00:00,2.128,2.128,2.124,2.128,0,0
2018-01-30,10:00:00,2.124,2.124,2.116,2.116,0,0
2018-01-30,11:00:00,2.112,2.116,2.108,2.112,0,0
2018-01-30,12:00:00,2.116,2.116,2.108,2.108,0,0
2018-01-30,13:00:00,2.112,2.12,2.108,2.12,0,0
2018-01-30,14:00:00,2.12,2.124,2.116,2.124,0,0
2018-01-30,15:00:00,2.12,2.128,2.12,2.12,0,0
2018-01-30,16:00:00,2.116,2.12,2.116,2.12,0,0
2018-01-30,17:00:00,2.116,2.12,2.112,2.12,0,0
2018-01-30,18:00:00,2.124,2.124,2.12,2.12,0,0
2018-01-30,19:00:00,2.116,2.12,2.116,2.12,0,0
2018-01-30,20:00:00,2.124,2.128,2.12,2.128,0,0
2018-01-30,21:00:00,2.124,2.128,2.12,2.124,0,0
2018-01-30,22:00:00,2.128,2.128,2.124,2.128,0,0
2018-01-30,23:00:00,2.124,2.128,2.124,2.128,0,0
2018-01-31,09:00:00,2.108,2.112,2.108,2.108,0,0
2018-01-31,10:00:00,2.104,2.112,2.104,2.108,0,0
2018-01-31,11:00:00,2.104,2.108,2.104,2.108,0,0
2018-01-31,12:00:00,2.104,2.112,2.104,2.112,0,0
2018-01-31,13:00:00,2.116,2.116,2.112,2.116,0,0
2018-01-31,14:00:00,2.112,2.116,2.112,2.116,0,0
2018-01-31,15:00:00,2.121,2.136,2.121,2.132,0,0
2018-01-31,16:00:00,2.128,2.145,2.128,2.141,0,0
2018-01-31,17:00:00,2.145,2.157,2.145,2.157,0,0
2018-01-31,18:00:00,2.153,2.157,2.149,2.153,0,0
2018-01-31,19:00:00,2.149,2.149,2.145,2.149,0,0
2018-01-31,20:00:00,2.145,2.153,2.145,2.153,0,0
2018-01-31,21:00:00,2.149,2.165,2.145,2.145,0,0
2018-01-31,22:00:00,2.149,2.153,2.145,2.149,0,0
2018-01-31,23:00:00,2.145,2.149,2.145,2.145,0,0
2018-02-01,09:00:00,2.169,2.173,2.165,2.173,0,0
2018-02-01,10:00:00,2.169,2.173,2.161,2.161,0,0
2018-02-01,11:00:00,2.165,2.165,2.161,2.161,0,0
2018-02-01,12:00:00,2.165,2.165,2.161,2.165,0,0
2018-02-01,13:00:00,2.161,2.169,2.161,2.165,0,0
2018-02-01,14:00:00,2.161,2.165,2.157,2.161,0,0
2018-02-01,15:00:00,2.157,2.161,2.149,2.153,0,0
2018-02-01,16:00:00,2.149,2.153,2.149,2.149,0,0
2018-02-01,17:00:00,2.149,2.157,2.141,2.149,0,0
2018-02-01,18:00:00,2.153,2.157,2.149,2.157,0,0
2018-02-01,19:00:00,2.153,2.157,2.149,2.157,0,0
2018-02-01,20:00:00,2.161,2.165,2.157,2.161,0,0
2018-02-01,21:00:00,2.165,2.169,2.161,2.161,0,0
2018-02-01,22:00:00,2.165,2.165,2.161,2.165,0,0
2018-02-01,23:00:00,2.161,2.165,2.157,2.165,0,0
2018-02-02,09:00:00,2.17,2.17,2.166,2.166,0,0
2018-02-02,10:00:00,2.17,2.17,2.166,2.17,0,0
2018-02-02,11:00:00,2.166,2.17,2.166,2.166,0,0
2018-02-02,12:00:00,2.17,2.17,2.166,2.166,0,0
2018-02-02,13:00:00,2.161,2.161,2.158,2.161,0,0
2018-02-02,14:00:00,2.158,2.161,2.149,2.158,0,0
2018-02-02,15:00:00,2.153,2.186,2.149,2.17,0,0
2018-02-02,16:00:00,2.174,2.178,2.17,2.178,0,0
2018-02-02,17:00:00,2.174,2.178,2.166,2.166,0,0
2018-02-02,18:00:00,2.17,2.17,2.153,2.153,0,0
2018-02-02,19:00:00,2.149,2.149,2.137,2.145,0,0
2018-02-02,20:00:00,2.141,2.153,2.141,2.153,0,0
2018-02-02,21:00:00,2.158,2.158,2.153,2.153,0,0
2018-02-02,22:00:00,2.149,2.149,2.141,2.145,0,0
2018-02-02,23:00:00,2.141,2.141,2.141,2.141,0,0
2018-02-05,09:00:00,2.15,2.15,2.141,2.141,0,0
2018-02-05,10:00:00,2.137,2.141,2.133,2.137,0,0
2018-02-05,11:00:00,2.133,2.137,2.129,2.137,0,0
2018-02-05,12:00:00,2.133,2.137,2.133,2.137,0,0
2018-02-05,13:00:00,2.133,2.137,2.133,2.133,0,0
2018-02-05,14:00:00,2.129,2.129,2.121,2.125,0,0
2018-02-05,15:00:00,2.121,2.141,2.121,2.137,0,0
2018-02-05,16:00:00,2.133,2.137,2.133,2.137,0,0
2018-02-05,17:00:00,2.137,2.141,2.133,2.133,0,0
2018-02-05,18:00:00,2.129,2.133,2.125,2.125,0,0
2018-02-05,19:00:00,2.121,2.125,2.113,2.117,0,0
2018-02-05,20:00:00,2.113,2.117,2.101,2.105,0,0
2018-02-05,21:00:00,2.101,2.105,2.085,2.085,0,0
2018-02-05,22:00:00,2.081,2.081,2.032,2.053,0,0
2018-02-05,23:00:00,2.056,2.056,2.024,2.032,0,0
2018-02-06,09:00:00,2.044,2.061,2.044,2.061,0,0
2018-02-06,10:00:00,2.057,2.065,2.053,2.057,0,0
2018-02-06,11:00:00,2.053,2.053,2.032,2.036,0,0
2018-02-06,12:00:00,2.032,2.036,2.008,2.032,0,0
2018-02-06,13:00:00,2.028,2.036,2.012,2.016,0,0
2018-02-06,14:00:00,2.012,2.036,2.012,2.036,0,0
2018-02-06,15:00:00,2.032,2.069,2.032,2.065,0,0
2018-02-06,16:00:00,2.069,2.089,2.057,2.081,0,0
2018-02-06,17:00:00,2.085,2.089,2.069,2.077,0,0
2018-02-06,18:00:00,2.073,2.081,2.065,2.073,0,0
2018-02-06,19:00:00,2.077,2.085,2.073,2.085,0,0
2018-02-06,20:00:00,2.081,2.097,2.081,2.085,0,0
2018-02-06,21:00:00,2.081,2.093,2.077,2.093,0,0
2018-02-06,22:00:00,2.093,2.113,2.093,2.113,0,0
2018-02-06,23:00:00,2.109,2.113,2.109,2.113,0,0
2018-02-07,09:00:00,2.085,2.089,2.085,2.085,0,0
2018-02-07,10:00:00,2.081,2.085,2.077,2.077,0,0
2018-02-07,11:00:00,2.073,2.077,2.073,2.073,0,0
2018-02-07,12:00:00,2.077,2.077,2.073,2.077,0,0
2018-02-07,13:00:00,2.073,2.085,2.073,2.085,0,0
2018-02-07,14:00:00,2.089,2.101,2.085,2.101,0,0
2018-02-07,15:00:00,2.097,2.105,2.089,2.097,0,0
2018-02-07,16:00:00,2.093,2.109,2.093,2.105,0,0
2018-02-07,17:00:00,2.101,2.113,2.101,2.109,0,0
2018-02-07,18:00:00,2.113,2.13,2.109,2.13,0,0
2018-02-07,19:00:00,2.126,2.138,2.122,2.138,0,0
2018-02-07,20:00:00,2.134,2.15,2.13,2.134,0,0
2018-02-07,21:00:00,2.13,2.138,2.126,2.138,0,0
2018-02-07,22:00:00,2.138,2.146,2.134,2.138,0,0
2018-02-07,23:00:00,2.142,2.142,2.126,2.13,0,0
2018-02-08,09:00:00,2.118,2.122,2.114,2.118,0,0
2018-02-08,10:00:00,2.109,2.118,2.105,2.114,0,0
2018-02-08,11:00:00,2.118,2.126,2.114,2.126,0,0
2018-02-08,12:00:00,2.13,2.13,2.122,2.122,0,0
2018-02-08,13:00:00,2.126,2.126,2.118,2.122,0,0
2018-02-08,14:00:00,2.126,2.142,2.126,2.134,0,0
2018-02-08,15:00:00,2.13,2.134,2.126,2.134,0,0
2018-02-08,16:00:00,2.13,2.142,2.13,2.138,0,0
2018-02-08,17:00:00,2.134,2.15,2.126,2.134,0,0
2018-02-08,18:00:00,2.134,2.138,2.122,2.13,0,0
2018-02-08,19:00:00,2.134,2.134,2.109,2.114,0,0
2018-02-08,20:00:00,2.118,2.146,2.109,2.138,0,0
2018-02-08,21:00:00,2.134,2.142,2.13,2.134,0,0
2018-02-08,22:00:00,2.138,2.142,2.109,2.114,0,0
2018-02-08,23:00:00,2.114,2.122,2.105,2.109,0,0
2018-02-09,09:00:00,2.126,2.13,2.122,2.126,0,0
2018-02-09,10:00:00,2.13,2.134,2.122,2.13,0,0
2018-02-09,11:00:00,2.126,2.126,2.118,2.122,0,0
2018-02-09,12:00:00,2.118,2.118,2.118,2.118,0,0
2018-02-09,13:00:00,2.138,2.138,2.126,2.126,0,0
2018-02-09,14:00:00,2.13,2.13,2.106,2.11,0,0
2018-02-09,15:00:00,2.106,2.118,2.102,2.114,0,0
2018-02-09,16:00:00,2.118,2.13,2.114,2.118,0,0
2018-02-09,17:00:00,2.114,2.118,2.089,2.098,0,0
2018-02-09,18:00:00,2.102,2.102,2.081,2.081,0,0
2018-02-09,19:00:00,2.077,2.085,2.032,2.053,0,0
2018-02-09,20:00:00,2.049,2.049,2.004,2.036,0,0
2018-02-09,21:00:00,2.04,2.081,2.04,2.061,0,0
2018-02-09,22:00:00,2.057,2.077,2.053,2.073,0,0
2018-02-09,23:00:00,2.077,2.081,2.073,2.073,0,0
2018-02-12,09:00:00,2.106,2.11,2.102,2.102,0,0
2018-02-12,10:00:00,2.098,2.11,2.098,2.106,0,0
2018-02-12,11:00:00,2.11,2.114,2.106,2.114,0,0
2018-02-12,12:00:00,2.11,2.114,2.11,2.11,0,0
2018-02-12,13:00:00,2.114,2.114,2.098,2.102,0,0
2018-02-12,14:00:00,2.106,2.106,2.094,2.102,0,0
2018-02-12,15:00:00,2.098,2.098,2.081,2.081,0,0
2018-02-12,16:00:00,2.086,2.09,2.073,2.077,0,0
2018-02-12,17:00:00,2.081,2.086,2.073,2.081,0,0
2018-02-12,18:00:00,2.077,2.09,2.077,2.09,0,0
2018-02-12,19:00:00,2.086,2.094,2.081,2.086,0,0
2018-02-12,20:00:00,2.081,2.086,2.077,2.086,0,0
2018-02-12,21:00:00,2.081,2.086,2.077,2.077,0,0
2018-02-12,22:00:00,2.081,2.081,2.073,2.077,0,0
2018-02-12,23:00:00,2.081,2.081,2.081,2.081,0,0
2018-02-13,09:00:00,2.073,2.082,2.073,2.077,0,0
2018-02-13,10:00:00,2.073,2.073,2.065,2.069,0,0
2018-02-13,11:00:00,2.073,2.073,2.065,2.069,0,0
2018-02-13,12:00:00,2.065,2.069,2.065,2.069,0,0
2018-02-13,13:00:00,2.073,2.073,2.069,2.073,0,0
2018-02-13,14:00:00,2.077,2.086,2.073,2.086,0,0
2018-02-13,15:00:00,2.09,2.098,2.086,2.09,0,0
2018-02-13,16:00:00,2.086,2.102,2.086,2.098,0,0
2018-02-13,17:00:00,2.106,2.106,2.098,2.098,0,0
2018-02-13,18:00:00,2.094,2.102,2.094,2.102,0,0
2018-02-13,19:00:00,2.098,2.11,2.098,2.11,0,0
2018-02-13,20:00:00,2.11,2.114,2.106,2.11,0,0
2018-02-13,21:00:00,2.106,2.11,2.106,2.106,0,0
2018-02-13,22:00:00,2.102,2.11,2.102,2.106,0,0
2018-02-13,23:00:00,2.11,2.11,2.106,2.106,0,0
2018-02-14,09:00:00,2.11,2.11,2.106,2.11,0,0
2018-02-14,10:00:00,2.106,2.11,2.102,2.11,0,0
2018-02-14,11:00:00,2.114,2.114,2.11,2.11,0,0
2018-02-14,12:00:00,2.106,2.11,2.106,2.11,0,0
2018-02-14,13:00:00,2.114,2.114,2.102,2.106,0,0
2018-02-14,14:00:00,2.11,2.11,2.106,2.106,0,0
2018-02-14,15:00:00,2.102,2.159,2.102,2.151,0,0
2018-02-14,16:00:00,2.147,2.168,2.139,2.168,0,0
2018-02-14,17:00:00,2.159,2.159,2.155,2.155,0,0
2018-02-14,18:00:00,2.151,2.168,2.151,2.164,0,0
2018-02-14,19:00:00,2.168,2.168,2.155,2.159,0,0
2018-02-14,20:00:00,2.164,2.172,2.159,2.164,0,0
2018-02-14,21:00:00,2.168,2.172,2.164,2.172,0,0
2018-02-14,22:00:00,2.168,2.176,2.168,2.172,0,0
2018-02-14,23:00:00,2.176,2.176,2.168,2.168,0,0
2018-02-15,09:00:00,2.201,2.213,2.197,2.197,0,0
2018-02-15,10:00:00,2.193,2.201,2.193,2.197,0,0
2018-02-15,11:00:00,2.193,2.193,2.184,2.188,0,0
2018-02-15,12:00:00,2.184,2.193,2.184,2.193,0,0
2018-02-15,13:00:00,2.188,2.197,2.188,2.193,0,0
2018-02-15,14:00:00,2.197,2.197,2.193,2.197,0,0
2018-02-15,15:00:00,2.193,2.201,2.193,2.197,0,0
2018-02-15,16:00:00,2.201,2.201,2.184,2.184,0,0
2018-02-15,17:00:00,2.188,2.188,2.176,2.18,0,0
2018-02-15,18:00:00,2.18,2.18,2.176,2.18,0,0
2018-02-15,19:00:00,2.176,2.184,2.172,2.18,0,0
2018-02-15,20:00:00,2.184,2.184,2.176,2.18,0,0
2018-02-15,21:00:00,2.176,2.184,2.176,2.184,0,0
2018-02-15,22:00:00,2.188,2.188,2.184,2.184,0,0
2018-02-15,23:00:00,2.188,2.188,2.184,2.188,0,0
2018-02-16,09:00:00,2.206,2.206,2.202,2.202,0,0
2018-02-16,10:00:00,2.206,2.206,2.198,2.202,0,0
2018-02-16,11:00:00,2.206,2.206,2.198,2.202,0,0
2018-02-16,12:00:00,2.198,2.202,2.194,2.194,0,0
2018-02-16,13:00:00,2.19,2.198,2.19,2.198,0,0
2018-02-16,14:00:00,2.202,2.206,2.198,2.202,0,0
2018-02-16,15:00:00,2.198,2.206,2.19,2.194,0,0
2018-02-16,16:00:00,2.19,2.194,2.185,2.19,0,0
2018-02-16,17:00:00,2.194,2.198,2.185,2.19,0,0
2018-02-16,18:00:00,2.194,2.198,2.185,2.198,0,0
2018-02-16,19:00:00,2.194,2.198,2.185,2.19,0,0
2018-02-16,20:00:00,2.194,2.194,2.185,2.19,0,0
2018-02-16,21:00:00,2.194,2.194,2.185,2.19,0,0
2018-02-16,22:00:00,2.194,2.198,2.19,2.198,0,0
2018-02-16,23:00:00,2.194,2.198,2.19,2.198,0,0
2018-02-20,09:00:00,2.231,2.239,2.231,2.239,0,0
2018-02-20,10:00:00,2.244,2.248,2.231,2.231,0,0
2018-02-20,11:00:00,2.235,2.235,2.231,2.231,0,0
2018-02-20,12:00:00,2.227,2.231,2.227,2.227,0,0
2018-02-20,13:00:00,2.223,2.231,2.223,2.231,0,0
2018-02-20,14:00:00,2.227,2.227,2.223,2.223,0,0
2018-02-20,15:00:00,2.219,2.231,2.219,2.231,0,0
2018-02-20,16:00:00,2.227,2.227,2.219,2.223,0,0
2018-02-20,17:00:00,2.219,2.227,2.219,2.223,0,0
2018-02-20,18:00:00,2.227,2.227,2.227,2.227,0,0
2018-02-20,19:00:00,2.223,2.227,2.223,2.227,0,0
2018-02-20,20:00:00,2.223,2.231,2.223,2.231,0,0
2018-02-20,21:00:00,2.227,2.231,2.227,2.227,0,0
2018-02-20,22:00:00,2.223,2.227,2.223,2.223,0,0
2018-02-21,09:00:00,2.266,2.266,2.266,2.266,0,0
2018-02-21,10:00:00,2.262,2.266,2.258,2.258,0,0
2018-02-21,11:00:00,2.262,2.262,2.258,2.262,0,0
2018-02-21,12:00:00,2.266,2.266,2.266,2.266,0,0
2018-02-21,14:00:00,2.27,2.27,2.262,2.266,0,0
2018-02-21,15:00:00,2.262,2.266,2.262,2.262,0,0
2018-02-21,16:00:00,2.258,2.266,2.254,2.262,0,0
2018-02-21,17:00:00,2.258,2.27,2.258,2.27,0,0
2018-02-21,18:00:00,2.266,2.27,2.262,2.27,0,0
2018-02-21,19:00:00,2.266,2.27,2.266,2.27,0,0
2018-02-21,20:00:00,2.266,2.27,2.266,2.27,0,0
2018-02-21,21:00:00,2.278,2.278,2.25,2.274,0,0
2018-02-21,22:00:00,2.274,2.282,2.27,2.27,0,0
2018-02-21,23:00:00,2.266,2.27,2.266,2.27,0,0
2018-02-22,09:00:00,2.266,2.266,2.266,2.266,0,0
2018-02-22,10:00:00,2.262,2.266,2.258,2.258,0,0
2018-02-22,11:00:00,2.262,2.266,2.258,2.262,0,0
2018-02-22,12:00:00,2.258,2.266,2.258,2.266,0,0
2018-02-22,13:00:00,2.27,2.274,2.27,2.27,0,0
2018-02-22,14:00:00,2.274,2.274,2.266,2.27,0,0
2018-02-22,15:00:00,2.274,2.274,2.262,2.262,0,0
2018-02-22,16:00:00,2.258,2.266,2.258,2.262,0,0
2018-02-22,17:00:00,2.258,2.262,2.254,2.262,0,0
2018-02-22,18:00:00,2.258,2.266,2.258,2.258,0,0
2018-02-22,19:00:00,2.262,2.262,2.254,2.254,0,0
2018-02-22,20:00:00,2.258,2.262,2.25,2.262,0,0
2018-02-22,21:00:00,2.258,2.258,2.254,2.254,0,0
2018-02-22,22:00:00,2.25,2.258,2.25,2.254,0,0
2018-02-22,23:00:00,2.25,2.25,2.25,2.25,0,0
2018-02-23,09:00:00,2.254,2.254,2.25,2.254,0,0
2018-02-23,10:00:00,2.25,2.25,2.242,2.246,0,0
2018-02-23,11:00:00,2.25,2.25,2.246,2.246,0,0
2018-02-23,12:00:00,2.242,2.246,2.242,2.246,0,0
2018-02-23,13:00:00,2.242,2.246,2.238,2.242,0,0
2018-02-23,14:00:00,2.238,2.238,2.23,2.234,0,0
2018-02-23,15:00:00,2.238,2.242,2.234,2.242,0,0
2018-02-23,16:00:00,2.238,2.246,2.238,2.238,0,0
2018-02-23,17:00:00,2.242,2.242,2.23,2.23,0,0
2018-02-23,18:00:00,2.234,2.238,2.23,2.23,0,0
2018-02-23,19:00:00,2.23,2.23,2.226,2.23,0,0
2018-02-23,20:00:00,2.226,2.238,2.226,2.234,0,0
2018-02-23,21:00:00,2.23,2.246,2.23,2.242,0,0
2018-02-23,22:00:00,2.246,2.25,2.242,2.246,0,0
2018-02-23,23:00:00,2.242,2.246,2.242,2.242,0,0
